111	11	0	0	0.13498	8.4e-17
221	33	0	0	0.5473	0
113	11	0	1	0.77	0
223	33	0	1	0.78194	0
331	33	0	0	0.95778	0
225	33	0	2	1.275	0
20113	11	0	1	1.23	0
20223	33	0	1	1.2819	0
115	11	0	2	1.3181	0
-211	12	-1	0	0.13957	2.603e-08
-213	12	-1	1	0.77	0
-20213	12	-1	1	1.23	0
-215	12	-1	2	1.3181	0
-321	32	-1	0	0.49368	1.237e-08
-323	32	-1	1	0.89166	0
-325	32	-1	2	1.4256	0
211	21	1	0	0.13957	2.603e-08
213	21	1	1	0.77	0
20213	21	1	1	1.23	0
215	21	1	2	1.3181	0
-311	31	0	0	0.49767	0
-313	31	0	1	0.8961	0
-315	31	0	2	1.4324	0
321	23	1	0	0.49368	1.237e-08
323	23	1	1	0.89166	0
325	23	1	2	1.4256	0
311	13	0	0	0.49767	0
313	13	0	1	0.8961	0
315	13	0	2	1.4324	0
333	33	0	1	1.0194	0
20333	33	0	1	1.4262	0
335	33	0	2	1.525	0
10111	11	0	0	1.474	0
10211	21	1	0	1.474	0
-10211	12	-1	0	1.474	0
2212	122	1	0.5	0.93827	1e+30
2214	122	1	1.5	1.232	0
2112	112	0	0.5	0.93957	887
2114	112	0	1.5	1.232	0
1114	111	-1	1.5	1.232	0
3122	123	0	0.5	1.1157	2.632e-10
3212	123	0	0.5	1.1926	7.4e-20
3214	123	0	1.5	1.3837	0
3112	113	-1	0.5	1.1974	1.479e-10
3114	113	-1	1.5	1.3872	0
3312	133	-1	0.5	1.3213	1.639e-10
3314	133	-1	1.5	1.535	0
2224	222	2	1.5	1.232	0
3222	223	1	0.5	1.1894	7.99e-11
3224	223	1	1.5	1.3828	0
3322	233	0	0.5	1.3149	2.9e-10
3324	233	0	1.5	1.5318	0
3334	333	-1	1.5	1.6725	8.22e-11
-2212	-122	-1	0.5	0.93827	1e+30
-2214	-122	-1	1.5	1.232	0
-2112	-112	0	0.5	0.93957	887
-2114	-112	0	1.5	1.232	0
-1114	-111	1	1.5	1.232	0
-3122	-123	0	0.5	1.1157	2.632e-10
-3212	-123	0	0.5	1.1926	7.4e-20
-3214	-123	0	1.5	1.3837	0
-3112	-113	1	0.5	1.1974	1.479e-10
-3114	-113	1	1.5	1.3872	0
-3312	-133	1	0.5	1.3213	1.639e-10
-3314	-133	1	1.5	1.535	0
-2224	-222	-2	1.5	1.232	0
-3222	-223	-1	0.5	1.1894	7.99e-11
-3224	-223	-1	1.5	1.3828	0
-3322	-233	0	0.5	1.3149	2.9e-10
-3324	-233	0	1.5	1.5318	0
-3334	-333	1	1.5	1.6725	8.22e-11
411	41	1	0	1.8693	1.057e-12
413	41	1	1	2.01	0
20413	41	1	1	2.427	0
415	41	1	2	2.459	0
421	42	0	0	1.8646	4.15e-13
423	42	0	1	2.0067	0
20423	42	0	1	2.4222	0
425	42	0	2	2.4589	0
431	43	1	0	1.9685	4.67e-13
433	43	1	1	2.1124	0
20433	43	1	1	2.5354	0
435	43	1	2	2.5735	0
4222	224	2	0.5	2.4528	0
4224	224	2	1.5	2.5194	0
4122	124	1	0.5	2.2849	2.06e-13
4212	124	1	0.5	2.4536	0
4214	124	1	1.5	2.5185	0
4112	114	0	0.5	2.4522	0
4114	114	0	1.5	2.5175	0
4232	234	1	0.5	2.4656	3.5e-13
4322	234	1	0.5	2.575	0
4324	234	1	1.5	2.6446	0
4132	134	0	0.5	2.4703	9.8e-14
4312	134	0	0.5	2.58	0
4314	134	0	1.5	2.6438	0
4332	334	0	0.5	2.704	6.4e-14
4334	334	0	1.5	2.73	0
-411	14	-1	0	1.8693	1.057e-12
-413	14	-1	1	2.01	0
-20413	14	-1	1	2.427	0
-415	14	-1	2	2.459	0
-421	24	0	0	1.8646	4.14e-13
-423	24	0	1	2.0067	0
-20423	24	0	1	2.4222	0
-425	24	0	2	2.4589	0
-431	34	-1	0	1.9685	4.67e-13
-433	34	-1	1	2.1124	0
-20433	34	-1	1	2.5354	0
-435	34	-1	2	2.5735	0
-4222	-224	-2	0.5	2.4528	0
-4224	-224	-2	1.5	2.5194	0
-4122	-124	-1	0.5	2.2849	2.06e-13
-4212	-124	-1	0.5	2.4536	0
-4214	-124	-1	1.5	2.5185	0
-4112	-114	0	0.5	2.4522	0
-4114	-114	0	1.5	2.5175	0
-4232	-234	-1	0.5	2.4656	3.5e-13
-4322	-234	-1	0.5	2.575	0
-4324	-234	-1	1.5	2.6446	0
-4132	-134	0	0.5	2.4703	9.8e-14
-4312	-134	0	0.5	2.58	0
-4314	-134	0	1.5	2.6438	0
-4332	-334	0	0.5	2.704	6.4e-14
-4334	-334	0	1.5	2.73	0
-511	51	0	0	5.2792	1.614e-12
-521	52	-1	0	5.2789	1.652e-12
-531	53	0	0	5.3693	1.54e-12
5222	225	1	0.5	5.82	1.07e-12
5122	125	0	0.5	5.624	1.07e-12
5112	115	-1	0.5	5.82	1.07e-12
5232	235	0	0.5	5.8	1.07e-12
5132	135	-1	0.5	5.8	1.07e-12
5332	335	-1	0.5	6.04	1.07e-12
-651	56	-1	0	179.25	0
641	64	0	0	175.85	0
651	65	1	0	179.25	0
511	15	0	0	5.2792	1.614e-12
521	25	1	0	5.2789	1.652e-12
531	35	0	0	5.3693	1.54e-12
-5222	-225	-1	0.5	5.82	1.07e-12
-5122	-125	0	0.5	5.624	1.07e-12
-5112	-115	1	0.5	5.82	1.07e-12
-5232	-235	0	0.5	5.8	1.07e-12
-5132	-135	1	0.5	5.8	1.07e-12
-5332	-335	1	0.5	6.04	1.07e-12
-641	46	0	0	175.85	0
-513	51	0	1	5.3249	0
-523	52	-1	1	5.3249	0
-533	53	0	1	5.4163	0
-20513	51	0	1	5.76	0
-20523	52	-1	1	5.76	0
-20533	53	0	1	5.855	0
-515	51	0	2	5.77	0
-525	52	-1	2	5.77	0
-535	53	0	2	5.865	0
513	15	0	1	5.3249	0
523	25	1	1	5.3249	0
533	35	0	1	5.4163	0
20513	15	0	1	5.76	0
20523	25	1	1	5.76	0
20533	35	0	1	5.855	0
515	15	0	2	5.77	0
525	25	1	2	5.77	0
535	35	0	2	5.865	0
10113	11	0	1	1.2295	0
10213	21	1	1	1.2295	0
-10213	12	-1	1	1.2295	0
10223	33	0	1	1.17	0
10333	33	0	1	1.395	0
9000111	11	0	0	0.996	0
9000211	21	1	0	0.996	0
-9000211	12	-1	0	0.996	0
9010221	33	0	0	0.996	0
10221	33	0	0	1.35	0
10313	13	0	1	1.57	0
10323	23	1	1	1.57	0
-10313	31	0	1	1.57	0
-10323	32	-1	1	1.57	0
10413	41	1	1	2.427	0
10423	42	0	1	2.4222	0
10433	43	1	1	2.5354	0
-10413	14	-1	1	2.427	0
-10423	24	0	1	2.4222	0
-10433	34	-1	1	2.5354	0
10513	15	0	1	5.76	0
10523	25	1	1	5.76	0
10533	35	0	1	5.853	0
-10513	51	0	1	5.76	0
-10523	52	-1	1	5.76	0
-10533	53	0	1	5.853	0
10321	23	1	0	1.429	0
10311	13	0	0	1.429	0
-10311	31	0	0	1.429	0
-10321	32	-1	0	1.429	0
10411	41	1	0	2.423	0
10421	42	0	0	2.423	0
10431	43	1	0	2.525	0
-10411	14	-1	0	2.423	0
-10421	24	0	0	2.423	0
-10431	34	-1	0	2.525	0
10511	15	0	0	5.76	0
10521	25	1	0	5.76	0
10531	35	0	0	5.855	0
-10511	51	0	0	5.76	0
-10521	52	-1	0	5.76	0
-10531	53	0	0	5.855	0
5114	115	-1	1.5	5.84	0
5212	125	0	0.5	5.82	0
5214	125	0	1.5	5.84	0
5224	225	1	1.5	5.84	0
5322	235	0	0.5	5.945	0
5324	235	0	1.5	5.945	0
5312	135	-1	0.5	5.945	0
5314	135	-1	1.5	5.945	0
5334	335	-1	1.5	6.06	0
-5114	-115	1	1.5	5.84	0
-5212	-125	0	0.5	5.82	0
-5214	-125	0	1.5	5.84	0
-5224	-225	-1	1.5	5.84	0
-5322	-235	0	0.5	5.945	0
-5324	-235	0	1.5	5.945	0
-5312	-135	1	0.5	5.945	0
-5314	-135	1	1.5	5.945	0
-5334	-335	1	1.5	6.06	0
10325	23	1	2	1.773	0
10315	13	0	2	1.773	0
-10315	31	0	2	1.773	0
-10325	32	-1	2	1.773	0
30323	23	1	1	1.717	0
30313	13	0	1	1.717	0
-30313	31	0	1	1.717	0
-30323	32	-1	1	1.717	0
327	23	1	3	1.773	0
317	13	0	3	1.773	0
-317	31	0	3	1.773	0
-327	32	-1	3	1.773	0
10215	21	1	2	1.67	0
10115	11	0	2	1.67	0
-10215	12	-1	2	1.67	0
30213	21	1	1	1.7	0
30113	11	0	1	1.7	0
-30213	12	-1	1	1.7	0
217	21	1	3	1.691	0
117	11	0	3	1.691	0
-217	12	-1	3	1.691	0
227	33	0	3	1.667	0
10225	33	0	2	1.632	0
30223	33	0	1	1.649	0